The pressure matrix for case 0 is 
0.957802 0.881760 0.808909 0.728054 0.642247 0.562861 0.494496 0.432105 0.377981 0.323888 0.268840 0.227408 0.197719 0.176700 The pressure matrix for case 2 is 
0.000688 -0.001432 -0.003437 -0.006128 -0.009883 -0.014539 -0.020168 -0.027374 -0.035785 -0.047798 -0.063307 -0.078712 -0.092905 -0.106462 -0.123749 -0.146648 -0.176080 -0.212599 The pressure matrix for case 6 is 
The pressure matrix for case 8 is 
-0.002692 -0.012381 -0.021447 -0.031687 -0.043422 -0.055953 -0.068884 -0.083729 -0.099108 -0.117862 -0.139713 -0.161506 -0.181821 -0.200692 -0.222511 -0.249059 -0.279639 -0.314224 -0.353284 -0.399672 -0.446250 -0.494682 -0.543245 -0.589749 -0.636736 -0.684293 -0.736965 -0.792052 -0.847903 -0.897709 -0.939742 0.156488 0.136692 0.117727 0.099753 0.082360 0.064837 0.050397 0.039006 0.029974 0.023788 0.019113 0.015274 0.011672 0.008615 0.006125 0.004397 0.003250 0.002375 
0.960018 -0.258318 -0.316709 -0.375621 -0.435691 -0.494428 -0.546172 -0.596310 -0.647858 -0.707510 -0.771804 -0.837046 -0.892514 -0.936830 -0.979669 
0.000387 -0.001446 -0.003474 -0.980477 
-0.002640 -0.011282 -0.020755 -0.032056 -0.043406 -0.055348 -0.070023 -0.084465 -0.099394 -0.118042 -0.141241 -0.165504 -0.183276 0.889350 0.814724 0.728645 0.649310 0.575415 0.498400 0.435983 0.383608 0.328532 0.272652 0.225330 0.197551 0.176672 0.154857 -0.006343 -0.009690 -0.013903 -0.019911 -0.026609 -0.034617 -0.046020 -0.061551 -0.078588 -0.091860 -0.105020 -0.123402 -0.146795 -0.177989 -0.200173 -0.222467 -0.249282 -0.282461 -0.318062 -0.361744 -0.408231 -0.453982 -0.505252 -0.550223 -0.596932 -0.646516 -0.698290 0.134252 0.114261 0.096434 0.078694 0.062494 0.049691 0.038131 0.030177 0.023739 0.018650 0.014532 0.011241 0.008689 -0.215264 -0.265675 -0.321398 -0.377020 -0.438335 -0.490792 -0.544477 -0.599841 -0.657382 -0.713863 -0.768722 -0.830354 -0.748010 -0.795088 -0.847890 -0.897621 -0.938601 -0.978374 
-0.002816 -0.011457 -0.020648 -0.031346 -0.042616 -0.054063 0.006310 0.004467 0.003195 0.002078 
0.960763 0.889587 0.816916 0.736634 0.658921 0.588447 0.511079 0.442574 -0.887416 -0.932839 -0.976440 
0.000187 -0.001671 -0.003748 -0.006450 -0.009731 -0.013496 -0.019157 -0.025788 -0.032501 -0.043708 -0.068808 -0.084301 -0.097669 -0.116867 -0.143994 -0.167278 -0.183370 -0.201211 -0.224383 -0.256499 -0.291186 -0.326655 -0.368844 -0.411187 0.394416 0.336918 0.271230 0.224682 0.198687 0.175176 0.152266 0.128769 0.108311 0.091964 0.075705 0.061846 0.049072 0.036878 0.029112 -0.061123 -0.077263 -0.089722 -0.103898 -0.123104 -0.150261 -0.182839 -0.219576 -0.267009 -0.316980 -0.374248 -0.442685 -0.495801 -0.547206 -0.608628 -0.459601 -0.516377 -0.562173 -0.607153 -0.661038 -0.711769 -0.753385 -0.793109 -0.842993 -0.897878 -0.941260 -0.979782 
-0.003548 -0.012362 0.023267 0.017884 0.013901 0.011179 0.008999 0.006681 0.004531 0.003040 0.001829 
0.956896 0.883630 0.822295 -0.666187 -0.714993 -0.761876 -0.820531 -0.884319 -0.933729 -0.977228 
-0.000047 -0.001998 -0.003759 -0.006496 -0.009882 -0.020108 -0.030652 -0.042500 -0.054167 -0.068142 -0.082190 -0.095643 -0.117219 -0.145409 -0.166912 -0.182640 -0.202253 -0.232941 -0.266637 0.743491 0.662701 0.592488 0.519793 0.456483 0.407134 0.341496 0.271534 0.227637 0.201711 0.175270 0.146206 0.122092 -0.013749 -0.018865 -0.024621 -0.030973 -0.043073 -0.060455 -0.075132 -0.086571 -0.102066 -0.126301 -0.154685 -0.188970 -0.228204 -0.302286 -0.339595 -0.377525 -0.419319 -0.463460 -0.516860 -0.571051 -0.620250 -0.671259 -0.714785 -0.752448 -0.794297 0.103095 0.086598 0.072925 0.059965 0.048979 0.038011 0.028912 0.022561 0.017455 0.013894 0.011379 0.009035 0.006783 -0.270320 -0.319078 -0.369387 -0.433223 -0.497093 -0.554584 -0.613895 -0.665025 -0.710021 -0.760213 -0.816758 -0.880169 -0.932964 -0.842111 -0.896384 -0.941981 -0.979049 
-0.003995 -0.012453 -0.021272 -0.031558 -0.042937 -0.054676 -0.066581 -0.080162 0.004621 0.002989 0.001751 
0.958447 0.885278 0.814748 0.738772 0.662675 0.593900 0.532098 0.470614 0.415834 -0.975840 
-0.000195 -0.002092 -0.004165 -0.006861 -0.010177 -0.014079 -0.018518 -0.024087 -0.030738 -0.041455 -0.057116 -0.094541 -0.114835 -0.141640 -0.165594 -0.183069 -0.208414 -0.241530 -0.276657 -0.314965 -0.348199 -0.383572 -0.431714 -0.477589 0.352651 0.283782 0.233524 0.203667 0.171576 0.139900 0.117114 0.097771 0.083811 0.071295 0.057767 0.046925 0.038093 -0.072328 -0.084426 -0.103130 -0.129117 -0.159505 -0.196717 -0.232128 -0.272173 -0.327295 -0.379830 -0.432188 -0.492702 -0.552012 -0.522660 -0.573550 -0.623671 -0.672875 -0.714447 -0.751857 -0.795836 -0.849105 -0.901698 -0.938650 -0.976245 
-0.003830 -0.012528 0.029523 0.022923 0.017704 0.014084 0.011431 0.008973 0.006545 0.004476 0.003105 0.001725 
0.960843 0.885572 -0.610603 -0.660392 -0.705835 -0.758559 -0.822204 -0.884150 -0.927661 -0.972021 
-0.000151 -0.002207 -0.004630 -0.007101 -0.010405 -0.022546 -0.031848 -0.043212 -0.056033 -0.066423 -0.078032 -0.092864 -0.112746 -0.137404 -0.163639 -0.188640 -0.216200 0.806627 0.738169 0.664547 0.589483 0.536484 0.482912 0.426110 0.362539 0.298831 0.243827 0.202140 0.167493 0.138432 -0.014714 -0.018632 -0.023527 -0.030256 -0.040111 -0.053339 -0.069018 -0.085467 -0.105393 -0.131067 -0.164716 -0.202018 -0.234167 -0.248342 -0.286780 -0.324853 -0.354756 -0.394229 -0.447323 -0.488252 -0.527966 -0.577816 -0.628030 -0.672291 -0.711377 -0.753840 -0.802802 0.113536 0.095080 0.082945 0.069985 0.055721 0.046251 0.038440 0.029872 0.023017 0.018145 0.014510 0.011435 0.008713 -0.278910 -0.339492 -0.386903 -0.433469 -0.493004 -0.552520 -0.605308 -0.652700 -0.704066 -0.762671 -0.826003 -0.885962 -0.926702 -0.970427 -0.855561 -0.905271 -0.939007 -0.975370 
-0.003444 -0.012452 -0.022455 -0.032187 -0.044094 -0.056644 -0.066134 -0.079159 -0.092960 0.006446 0.004498 0.003242 0.001839 
0.958183 0.885460 0.808908 0.739052 0.662909 0.590233 0.542183 0.483740 
-0.000034 -0.002250 -0.004798 -0.007415 -0.010971 -0.015159 -0.018824 -0.024423 -0.030626 -0.038615 -0.051279 -0.067776 -0.110385 -0.135702 -0.164281 -0.191365 -0.219691 -0.253461 -0.292515 -0.332937 -0.366803 -0.408323 -0.457355 -0.497917 -0.534662 0.429379 0.376274 0.311900 0.253768 0.209045 0.172769 0.142029 0.115653 0.095859 0.082089 0.069054 0.055802 0.046438 -0.085735 -0.106034 -0.132512 -0.166552 -0.207025 -0.243399 -0.290783 -0.347154 -0.394734 -0.438139 -0.491497 -0.550243 -0.579269 -0.629315 -0.670388 -0.713840 -0.764364 -0.814730 -0.860900 -0.905852 -0.941952 -0.977888 
-0.001863 0.038997 0.030670 0.023595 0.018827 0.014819 0.011101 0.008494 0.006566 0.004793 0.003433 0.002097 
0.961648 -0.599081 -0.651194 -0.712489 -0.773275 -0.829340 -0.884565 -0.929128 -0.973034 
0.000433 -0.002602 -0.005627 -0.008170 -0.011468 -0.013547 -0.024876 -0.033541 -0.044336 -0.055792 -0.066231 -0.079346 -0.094561 -0.113253 -0.138271 -0.167332 -0.193777 -0.222660 0.875340 0.792766 0.733402 0.666063 0.599719 0.547655 0.488485 0.430959 0.376425 0.317432 0.261146 0.219647 -0.015290 -0.019350 -0.025057 -0.031816 -0.040350 -0.052785 -0.070084 -0.087972 -0.108889 -0.135491 -0.167628 -0.209322 -0.251940 -0.256916 -0.294015 -0.336106 -0.375908 -0.417016 -0.465435 -0.510397 -0.543138 -0.585394 -0.631557 -0.673003 -0.716976 -0.764748 -0.817331 0.183705 0.151529 0.124650 0.102945 0.085136 0.071092 0.057602 0.046864 0.039804 0.031879 0.024736 0.019791 0.015467 0.011984 -0.299030 -0.355051 -0.407541 -0.446657 -0.496712 -0.550441 -0.598449 -0.650990 -0.709348 -0.773618 -0.831530 -0.887793 -0.934181 -0.864428 -0.909485 -0.946646 -0.980201 
-0.001719 -0.013889 -0.025965 -0.035373 -0.044349 -0.055327 -0.066029 -0.079451 -0.096222 0.009232 0.007123 0.005178 0.003697 0.002497 
0.959682 0.872833 0.787859 0.726097 0.670599 0.607572 0.554081 0.496142 -0.975618 
0.000554 -0.002782 -0.006212 -0.009126 -0.012026 -0.015766 -0.019974 -0.025710 -0.033158 -0.043116 -0.056554 -0.073753 -0.117649 -0.143278 -0.170476 -0.195950 -0.224601 -0.257858 -0.295437 -0.335986 -0.376723 -0.423906 -0.475685 -0.520097 -0.554926 0.434504 0.375102 0.317461 0.268008 0.229877 0.195696 0.163168 0.136442 0.113941 0.094330 0.075780 0.060299 0.048550 -0.091870 -0.113052 -0.139741 -0.172992 -0.212584 -0.254885 -0.308045 -0.367177 -0.418925 -0.460203 -0.502049 -0.548196 -0.599077 -0.590159 -0.630107 -0.674742 -0.723064 -0.776234 -0.827059 -0.867321 -0.907367 -0.943954 -0.979266 
-0.002163 -0.013728 0.040561 0.033873 0.027497 0.021713 0.017015 0.013153 0.010142 0.007939 0.005936 0.004254 0.002886 
0.957182 -0.657035 -0.722115 -0.784551 -0.834592 -0.884869 -0.930611 -0.974375 
0.000520 -0.002872 -0.006456 -0.009723 -0.012363 -0.016333 -0.025704 -0.036064 -0.043824 -0.054739 -0.067081 -0.079971 -0.097904 -0.121918 -0.146999 -0.173077 -0.197447 -0.224692 -0.261045 -0.299397 0.875767 0.793879 0.725560 0.678586 0.616302 0.555151 0.501822 0.439639 0.374406 0.320572 0.275478 0.240411 0.208644 -0.021074 -0.026549 -0.034774 -0.046835 -0.060861 -0.078395 -0.096418 -0.117744 -0.147996 -0.182815 -0.217547 -0.255470 -0.311988 -0.375197 -0.335432 -0.372549 -0.424197 -0.480826 -0.525832 -0.563976 -0.600707 -0.636104 -0.682136 -0.735240 -0.783903 -0.824097 -0.861312 -0.904231 0.173401 0.145549 0.124298 0.105167 0.083864 0.064514 0.051875 0.042596 0.035039 0.029311 0.023561 0.018380 0.014455 -0.426994 -0.471862 -0.514933 -0.556212 -0.609404 -0.673025 -0.732326 -0.781990 -0.828212 -0.881542 -0.929968 -0.975222 
-0.943286 -0.979929 
-0.002396 -0.013932 -0.024247 -0.034887 -0.044322 -0.054710 -0.067577 -0.083134 -0.103926 -0.127692 0.011494 0.009082 0.006604 0.004672 0.003111 
0.957271 0.877169 0.807411 0.738326 0.680109 0.622035 0.559231 0.000510 -0.003035 -0.006275 -0.009753 -0.013129 -0.017158 -0.022184 -0.028910 -0.039546 -0.052709 -0.066530 -0.082803 -0.099491 -0.150752 -0.174673 -0.196569 -0.221776 -0.257289 -0.297538 -0.334250 -0.372136 -0.421688 -0.481853 -0.533127 -0.569029 -0.606787 0.498801 0.433382 0.372358 0.324865 0.284110 0.252101 0.223203 0.188059 0.156229 0.131982 0.112189 0.091083 0.069804 -0.120161 -0.150799 -0.187195 -0.221917 -0.260656 -0.313955 -0.379700 -0.437952 -0.479684 -0.523871 -0.571222 -0.622332 -0.677364 -0.647200 -0.690821 -0.737286 -0.783929 -0.825042 -0.856310 -0.898757 -0.942890 -0.980004 
-0.001352 -0.012551 -0.024670 0.054461 0.045406 0.037307 0.030428 0.024802 0.019925 0.015593 0.012199 0.009974 0.007377 0.004999 0.003287 
0.969317 -0.733840 -0.784453 -0.823166 -0.875465 -0.929812 -0.975433 
0.000867 -0.002792 -0.006711 -0.010234 -0.014090 -0.019089 -0.025347 -0.034816 -0.044764 -0.056603 -0.071304 -0.090067 -0.111022 -0.131217 -0.151266 -0.171596 -0.194052 -0.220147 -0.253424 -0.290548 -0.329531 0.891954 0.810335 0.745270 0.686292 0.623779 0.557789 0.489023 0.427172 0.375857 0.334162 0.298255 0.264528 0.233853 -0.034087 -0.045462 -0.057397 -0.070252 -0.084557 -0.101432 -0.123335 -0.153209 -0.186948 -0.223284 -0.263915 -0.316944 -0.383670 -0.370182 -0.420494 -0.481889 -0.534485 -0.574796 -0.617409 -0.657600 -0.694935 -0.734543 -0.779015 -0.822247 -0.858170 -0.898970 0.201392 0.169877 0.142635 0.119809 0.098045 0.075843 0.058857 0.047839 0.038635 0.031614 0.026319 0.021647 0.017190 -0.442503 -0.488881 -0.538657 -0.586065 -0.629782 -0.676430 -0.729882 -0.782646 -0.826603 -0.876621 -0.928651 -0.975972 
0.000569 -0.941560 -0.980318 
-0.002065 -0.011551 -0.023446 -0.035728 -0.048470 -0.062105 -0.075691 -0.092391 -0.109961 -0.129530 0.013192 0.010405 0.007747 0.005312 0.003337 
0.971901 0.906214 0.825643 0.749480 0.678486 0.612885 0.556657 0.497618 -0.002790 -0.006796 -0.011327 -0.016843 -0.023078 -0.029351 -0.037591 -0.047122 -0.059048 -0.073175 -0.086058 -0.102657 -0.127520 -0.150624 -0.168264 -0.190011 -0.219370 -0.249392 -0.283147 -0.323813 -0.370470 -0.423981 -0.479075 -0.528408 -0.575669 -0.625014 0.442483 0.391115 0.344149 0.312094 0.278936 0.243847 0.213116 0.183844 0.154524 0.127942 0.104100 0.083432 0.066324 -0.154652 -0.185504 -0.223879 -0.269751 -0.325501 -0.384901 -0.439709 -0.493516 -0.550768 -0.598634 -0.638513 -0.681603 -0.726637 -0.666050 -0.699988 -0.736535 -0.774272 -0.816478 -0.857782 -0.899456 -0.939919 -0.978569 
-0.002966 -0.011617 -0.023330 -0.037732 0.052391 0.040618 0.032789 0.027562 0.022882 0.018769 0.014684 0.011180 0.008182 0.005585 0.003292 
0.969311 -0.777570 -0.827698 -0.878212 -0.927239 -0.974036 
0.000102 -0.003222 -0.007555 -0.013354 -0.019928 -0.026189 -0.032485 -0.040034 -0.051698 -0.064973 -0.078492 -0.092809 -0.108214 -0.127657 -0.148693 -0.165074 -0.187486 -0.216207 -0.244299 -0.278291 -0.321510 0.911368 0.835349 0.748312 0.674482 0.611496 0.555958 0.505092 0.456456 0.404658 0.356452 0.325165 0.292040 0.255411 0.225136 -0.048773 -0.061422 -0.075519 -0.087434 -0.105491 -0.129736 -0.154686 -0.186221 -0.227106 -0.276376 -0.332049 -0.387072 -0.438249 -0.497196 -0.371639 -0.425850 -0.476749 -0.522714 -0.574670 -0.630305 -0.672821 -0.704495 -0.736563 -0.773702 -0.813980 -0.854642 -0.896780 -0.937524 0.194784 0.163401 0.134687 0.109596 0.089783 0.073628 0.057565 0.043168 0.034210 0.028976 0.024463 0.020081 0.016016 -0.560600 -0.609469 -0.646506 -0.684317 -0.728304 -0.776777 -0.825593 -0.876149 -0.925018 -0.973472 
-0.000688 -0.004359 -0.977906 
-0.004219 -0.013048 -0.025263 -0.039657 -0.052010 -0.062602 -0.076163 -0.091973 -0.108469 -0.126758 -0.145574 -0.164841 0.012293 0.008894 0.005938 0.003380 
0.972818 0.910293 0.831811 0.748156 0.682955 0.631693 0.573004 0.514075 -0.009412 -0.015914 -0.022038 -0.027031 -0.033532 -0.041948 -0.052038 -0.064289 -0.077356 -0.091521 -0.108769 -0.129970 -0.155287 -0.185657 -0.210733 -0.239607 -0.273765 -0.317790 -0.369221 -0.428660 -0.482748 -0.521933 -0.569168 -0.627473 -0.677777 -0.709947 0.461623 0.412141 0.369114 0.332936 0.301023 0.268145 0.235397 0.203984 0.171693 0.141490 0.113416 0.091542 -0.186842 -0.228310 -0.277972 -0.339195 -0.397502 -0.441531 -0.495162 -0.561051 -0.617820 -0.655148 -0.689174 -0.732715 -0.776816 -0.738891 -0.775653 -0.812590 -0.849060 -0.891162 -0.929617 -0.973240 
-0.004610 -0.014959 -0.028073 -0.041292 -0.050537 0.077520 0.062731 0.047005 0.035575 0.029777 0.025553 0.021002 0.017058 0.013478 0.009702 0.006508 0.003090 
0.971788 -0.820396 -0.870511 -0.916302 -0.968161 
-0.001264 -0.006171 -0.012071 -0.018431 -0.023258 -0.027830 -0.034958 -0.044209 -0.054819 -0.059671 -0.073037 -0.090091 -0.107214 -0.125507 -0.144279 -0.162309 -0.182760 -0.205592 -0.234702 -0.273650 -0.318271 -0.369424 0.904951 0.823269 0.746298 0.697778 0.652352 0.593805 0.527758 0.473068 0.422645 0.379637 0.344811 0.312059 0.279874 -0.067143 -0.080899 -0.094560 -0.111200 -0.130562 -0.156500 -0.192130 -0.233808 -0.283360 -0.342312 -0.398171 -0.447580 -0.502803 -0.427096 -0.479441 -0.524198 -0.573102 -0.625018 -0.674212 -0.710675 -0.739936 -0.777398 -0.814353 -0.848037 -0.889728 -0.932810 0.246527 0.209872 0.177767 0.148195 0.119801 0.096979 0.080147 0.064317 0.050048 0.038582 0.031278 0.026677 0.021725 -0.561166 -0.616264 -0.657773 -0.692077 -0.736350 -0.780298 -0.820395 -0.869840 -0.920748 -0.971566 
-0.002916 -0.008633 -0.975901 
-0.006927 -0.017808 -0.027795 -0.039427 -0.048819 -0.057875 -0.069984 -0.087403 -0.106166 -0.125188 -0.143626 -0.160351 0.017514 0.014044 0.010064 0.006259 0.002737 
0.961070 0.893717 0.832124 0.763408 0.711469 0.666578 0.611666 -0.013640 -0.019411 -0.024295 -0.029286 -0.036239 -0.046272 -0.057873 -0.070944 -0.084957 -0.098104 -0.112839 -0.133568 -0.160594 -0.178463 -0.202505 -0.232453 -0.274243 -0.325040 -0.372115 -0.421155 -0.472125 -0.519004 -0.571285 -0.626256 -0.672850 0.545195 0.483175 0.431319 0.388362 0.356096 0.325391 0.291347 0.256259 0.218379 0.181407 0.153253 0.127812 -0.198095 -0.244773 -0.290346 -0.340763 -0.394459 -0.445351 -0.503012 -0.564374 -0.616483 -0.656253 -0.693951 -0.739220 -0.782548 -0.707803 -0.740080 -0.778312 -0.815040 -0.847865 -0.892628 -0.939472 -0.979378 
-0.008762 -0.019774 -0.028013 -0.036551 -0.046112 0.104279 0.085443 0.067528 0.051819 0.040668 0.033388 0.027995 0.022627 0.018117 0.014561 0.010053 0.005633 0.002106 -0.821442 -0.874247 -0.929182 -0.975849 
-0.004291 -0.010459 -0.015070 -0.019900 -0.025088 -0.030823 -0.038691 -0.048995 -0.055774 -0.068834 -0.085736 -0.104119 -0.124989 -0.144073 -0.158814 -0.177352 -0.202231 -0.232147 -0.271328 -0.319231 -0.368247 
0.956498 0.886259 0.835472 0.784070 0.730215 0.680924 0.622432 0.557226 0.497137 0.439750 0.394815 0.365433 -0.060757 -0.075394 -0.089662 -0.101352 -0.116585 -0.138557 -0.164871 -0.199465 -0.242696 -0.289886 -0.338107 -0.387756 -0.442459 -0.415087 -0.462566 -0.513533 -0.570580 -0.625110 -0.668802 -0.707645 -0.745203 -0.780999 -0.816920 -0.852266 -0.892457 -0.940038 0.333983 0.298962 0.264112 0.227929 0.191321 0.159467 0.133972 0.111101 0.089953 0.069611 0.053462 0.042795 0.034780 -0.504899 -0.565121 -0.613774 -0.657939 -0.702123 -0.744389 -0.786462 -0.827814 -0.874933 -0.930305 -0.978641 
-0.005278 -0.981622 
-0.009990 -0.019340 -0.027631 -0.036107 -0.045046 -0.055389 -0.067539 -0.084411 -0.103713 -0.124660 -0.142556 0.028497 0.023305 0.018708 0.014656 0.010343 0.005482 0.001414 
0.958936 0.893272 0.839971 0.788478 0.738005 -0.010730 -0.015753 -0.021068 -0.026716 -0.033290 -0.041182 -0.052009 -0.065050 -0.079653 -0.092617 -0.103881 -0.119775 -0.140971 -0.156991 -0.175975 -0.200788 -0.229737 -0.266612 -0.310822 -0.362791 -0.410119 -0.455196 -0.510023 -0.569255 -0.624854 -0.667268 0.685977 0.632247 0.568879 0.506322 0.448380 0.404264 0.374750 0.341439 0.305497 0.270768 0.235362 0.200246 0.165573 -0.165885 -0.198133 -0.238177 -0.288098 -0.336221 -0.383118 -0.441882 -0.506276 -0.567064 -0.613831 -0.664029 -0.712701 -0.746925 -0.711187 -0.752789 -0.781901 -0.812976 -0.849617 -0.893174 -0.939112 -0.980310 
-0.008454 -0.018313 -0.027763 -0.036850 0.138261 0.116219 0.092790 0.071279 0.054482 0.044146 0.035525 0.028478 0.024116 0.019961 0.015496 0.010516 0.005414 0.000583 
0.966756 0.900231 0.840311 0.785456 0.735082 0.684960 0.630130 0.570258 0.515858 0.462208 0.414122 0.381369 0.349380 0.314298 0.277430 0.236864 0.201532 0.172687 0.145364 0.119490 0.092730 0.071919 0.056705 0.045287 0.036398 0.029721 0.025257 0.021128 0.016474 0.010799 0.005218 0.000668 
0.974074 0.908821 0.838040 0.779366 0.734627 0.684937 0.629809 0.577423 0.524510 0.469420 0.417903 0.387652 0.358042 0.317406 0.277748 0.240150 0.205136 0.177126 0.149680 0.120215 0.091361 0.072062 0.058446 0.047407 0.039163 0.031628 0.026196 0.021934 0.017675 0.012057 0.006007 0.001073 
0.975142 0.916186 0.843597 0.777058 0.731587 0.686259 0.632088 0.580590 0.531412 0.482176 0.432463 0.394307 0.362388 0.322318 0.280211 0.242502 0.208521 0.179419 0.147919 0.120320 0.095821 0.074276 0.060083 0.049568 0.042551 0.034551 0.027064 0.022573 0.018582 0.013447 0.007019 0.001562 
0.978903 0.921405 0.853243 0.782929 0.725161 0.680562 0.632432 0.586648 0.538465 0.489767 0.444544 0.402883 0.368168 0.333696 0.291260 0.247192 0.210343 0.179621 0.147764 0.119890 0.100149 0.081476 0.064028 0.052420 0.045013 0.037607 0.028949 0.022817 0.019040 0.014526 0.008035 0.001548 
0.976484 0.921717 0.862703 0.792940 0.723229 0.674365 0.632846 0.586376 0.542458 0.497681 0.447337 0.401903 0.369227 0.342348 0.304245 0.256848 0.214624 0.182337 0.152238 0.126718 0.107772 0.088573 0.069967 0.055932 0.047419 0.040700 0.032424 0.024342 0.018887 0.014099 0.007830 0.001488 
0.979000 0.929480 0.869014 0.793297 0.720885 0.672531 0.633443 0.589474 0.545795 0.498342 0.446083 0.403359 0.371578 0.343205 0.302730 0.254958 0.216760 0.186905 0.160142 0.135804 0.115389 0.096228 0.079251 0.062170 0.050304 0.043595 0.035905 0.026842 0.019279 0.013166 0.007140 0.000833 
0.979384 0.933231 0.878360 0.803514 0.728095 0.676698 0.634428 0.589388 0.541313 0.496409 0.454477 0.409872 0.370460 0.334957 0.293922 0.252298 0.219623 0.191127 0.163490 0.140984 0.122799 0.103490 0.086593 0.070630 0.055496 0.045978 0.039264 0.030551 0.020661 0.012239 0.005529 0.000100 
0.980713 0.936345 0.878945 0.809389 0.740248 0.686420 0.639175 0.589246 0.540427 0.496909 0.460123 0.416137 0.370409 0.326745 0.281122 0.246475 0.219661 0.193439 0.166830 0.144346 0.126838 0.109012 0.092230 0.076204 0.060878 0.049345 0.041638 0.033635 0.023075 0.012342 0.004795 -0.000375 
0.980213 0.941133 0.888483 0.814070 0.743377 0.690784 0.644315 0.595299 0.544103 0.497276 0.458750 0.414741 0.369426 0.321540 0.273914 0.243425 0.217665 0.192628 0.170237 0.150216 0.130926 0.111223 0.094301 0.079435 0.066182 0.052972 0.041980 0.034031 0.024895 0.013906 0.004937 -0.000573 
0.977768 0.938056 0.891398 0.820857 0.750297 0.695849 0.647467 0.594111 0.541835 0.495892 0.451814 0.409504 0.366158 0.322452 0.279501 0.244854 0.219091 0.197192 0.172813 0.151098 0.131414 0.112026 0.096810 0.081478 0.067004 0.054598 0.043282 0.033927 0.025618 0.015903 0.006421 0.000190 
0.975312 0.930880 0.880583 0.822379 0.760991 0.700580 0.649639 0.597318 0.544078 0.493034 0.446446 0.409410 0.365919 0.320509 0.281236 0.250147 0.225221 0.199715 0.174377 0.153408 0.131300 0.111438 0.097972 0.082150 0.066699 0.055326 0.045359 0.035511 0.025635 0.016650 0.008344 0.001448 
0.971725 0.920204 0.870916 0.819356 0.761636 0.705695 0.656729 0.601280 0.542572 0.493607 0.448776 0.404970 0.362208 0.323374 0.286782 0.253697 0.229219 0.203764 0.176035 0.154474 0.132951 0.112364 0.098507 0.082782 0.067307 0.056380 0.046116 0.035391 0.025729 0.016900 0.009186 0.002661 
0.973033 0.920854 0.869534 0.816448 0.760656 0.705355 0.652349 0.598397 0.545158 0.494621 0.446344 0.401702 0.361139 0.325574 0.292368 0.260784 0.232624 0.205935 0.179626 0.155468 0.133443 0.113646 0.097132 0.081950 0.068321 0.056650 0.045790 0.035419 0.025857 0.017405 0.010160 0.003474 
-0.783184 -0.825736 -0.876451 -0.929772 -0.977277 
-0.004599 -0.010729 -0.016910 -0.023089 -0.029414 -0.036033 -0.044794 -0.055752 -0.067345 -0.080547 -0.094567 -0.106831 -0.121232 -0.140522 -0.166519 -0.202800 -0.241971 -0.282720 -0.328464 -0.381015 -0.446769 -0.508226 -0.564559 -0.617103 -0.668470 -0.712632 -0.746370 -0.782357 -0.825217 -0.880019 -0.934789 -0.978697 
-0.003725 -0.010569 -0.018384 -0.025582 -0.031496 -0.038550 -0.047240 -0.057044 -0.068161 -0.082167 -0.097072 -0.108159 -0.121384 -0.143704 -0.170950 -0.203992 -0.241487 -0.279625 -0.324426 -0.384936 -0.455339 -0.512834 -0.566024 -0.617834 -0.664591 -0.710865 -0.751445 -0.787331 -0.824810 -0.875825 -0.932162 -0.979478 
-0.003525 -0.010361 -0.018969 -0.027312 -0.033659 -0.040632 -0.049577 -0.059450 -0.070165 -0.082750 -0.096855 -0.110064 -0.124629 -0.146775 -0.174215 -0.205629 -0.240441 -0.278383 -0.331067 -0.389728 -0.452954 -0.516505 -0.571870 -0.621154 -0.658936 -0.706576 -0.756884 -0.791675 -0.824793 -0.869018 -0.926713 -0.978885 
-0.003601 -0.010502 -0.018922 -0.028010 -0.036173 -0.043569 -0.052141 -0.061264 -0.072689 -0.085379 -0.099226 -0.114404 -0.130600 -0.149286 -0.175343 -0.208916 -0.244712 -0.284188 -0.338418 -0.400109 -0.451166 -0.506884 -0.570667 -0.621199 -0.658975 -0.702054 -0.754631 -0.796765 -0.826265 -0.863214 -0.918899 -0.976423 
-0.004124 -0.011042 -0.018585 -0.027995 -0.038193 -0.046297 -0.054125 -0.064043 -0.075156 -0.087636 -0.104772 -0.123008 -0.138671 -0.153502 -0.177000 -0.212722 -0.252795 -0.292964 -0.343114 -0.395415 -0.442046 -0.499203 -0.563534 -0.618403 -0.658864 -0.694814 -0.742181 -0.792911 -0.831823 -0.869382 -0.921621 -0.977235 
-0.004633 -0.010805 -0.018615 -0.029158 -0.040059 -0.048203 -0.055814 -0.065790 -0.077098 -0.091991 -0.110506 -0.127691 -0.142607 -0.158860 -0.186862 -0.226378 -0.264518 -0.300752 -0.342535 -0.388769 -0.436646 -0.489777 -0.544392 -0.605338 -0.654704 -0.688266 -0.731178 -0.784514 -0.834674 -0.879619 -0.927437 -0.977409 
-0.004920 -0.010916 -0.018315 -0.029004 -0.040455 -0.049102 -0.057473 -0.068071 -0.081407 -0.095945 -0.111230 -0.128894 -0.148057 -0.168995 -0.199863 -0.236227 -0.269329 -0.303985 -0.345742 -0.387697 -0.428585 -0.478881 -0.529558 -0.584121 -0.643886 -0.687320 -0.723126 -0.772686 -0.833740 -0.891768 -0.941666 -0.982316 
-0.004992 -0.010994 -0.019056 -0.029403 -0.040218 -0.049493 -0.058936 -0.070793 -0.084359 -0.098529 -0.112228 -0.130603 -0.153090 -0.179664 -0.214520 -0.245853 -0.274058 -0.307109 -0.347366 -0.388404 -0.426281 -0.471518 -0.520111 -0.574271 -0.633172 -0.681988 -0.721133 -0.766578 -0.829766 -0.898624 -0.950237 -0.985764 
-0.005163 -0.010570 -0.018220 -0.029533 -0.041061 -0.050418 -0.060014 -0.071580 -0.086118 -0.101411 -0.116167 -0.135846 -0.159077 -0.189355 -0.225014 -0.252306 -0.280818 -0.312928 -0.346748 -0.382122 -0.422580 -0.471518 -0.520139 -0.569274 -0.619151 -0.675476 -0.729333 -0.773795 -0.828090 -0.895646 -0.952972 -0.988225 
-0.005083 -0.010982 -0.018026 -0.029205 -0.040940 -0.051004 -0.061212 -0.074324 -0.089436 -0.105281 -0.122923 -0.142691 -0.165399 -0.193211 -0.224920 -0.255530 -0.282673 -0.310142 -0.346872 -0.385028 -0.426486 -0.474461 -0.517395 -0.567897 -0.622956 -0.677202 -0.731818 -0.781583 -0.829816 -0.888498 -0.947661 -0.986950 
-0.005130 -0.011952 -0.019957 -0.029621 -0.040525 -0.052271 -0.063333 -0.076339 -0.091797 -0.109890 -0.128446 -0.145762 -0.169104 -0.197587 -0.227028 -0.254517 -0.280577 -0.312267 -0.350130 -0.387267 -0.433740 -0.481742 -0.519275 -0.571734 -0.630579 -0.680262 -0.727138 -0.778220 -0.833938 -0.887844 -0.939254 -0.982296 
-0.005054 -0.013436 -0.021685 -0.030747 -0.041623 -0.053163 -0.064159 -0.078514 -0.095920 -0.113118 -0.130898 -0.151366 -0.174556 -0.198774 -0.225967 -0.255089 -0.281020 -0.313470 -0.354268 -0.391367 -0.436322 -0.484605 -0.522490 -0.574452 -0.632404 -0.679045 -0.727626 -0.783281 -0.837443 -0.890236 -0.938430 -0.980029 
-0.004674 -0.013126 -0.021962 -0.031568 -0.042495 -0.054308 -0.066932 -0.081501 -0.097814 -0.115509 -0.135230 -0.156136 -0.178097 -0.200113 -0.224391 -0.251832 -0.281635 -0.315497 -0.354109 -0.394978 -0.439982 -0.486154 -0.531846 -0.581647 -0.632317 -0.681496 -0.732838 -0.786614 -0.840173 -0.891138 -0.936861 -0.979276 
-0.046059 -0.056158 -0.069113 -0.085274 -0.102190 -0.121137 -0.140354 -0.155707 -0.173295 -0.196519 -0.227155 -0.268545 -0.311791 -0.354097 -0.399865 -0.450588 -0.512099 -0.568971 -0.620783 -0.668477 -0.713664 -0.751640 -0.780371 -0.810926 -0.847851 -0.895299 -0.942954 -0.981376 
-0.006562 -0.016834 -0.028247 -0.038436 -0.046732 -0.057075 -0.069792 -0.083983 -0.099921 -0.119374 -0.139682 -0.153881 -0.169959 -0.196913 -0.229240 -0.267228 -0.308552 -0.348474 -0.393259 -0.451474 -0.518005 -0.572059 -0.620820 -0.667601 -0.708479 -0.748747 -0.783192 -0.813674 -0.846071 -0.890630 -0.940136 -0.981895 
-0.005787 -0.015474 -0.027627 -0.039291 -0.048017 -0.057454 -0.070104 -0.083879 -0.098822 -0.115858 -0.135434 -0.152774 -0.170167 -0.196380 -0.229812 -0.266396 -0.304920 -0.344945 -0.397667 -0.453872 -0.513993 -0.573835 -0.624438 -0.668423 -0.701338 -0.742644 -0.786129 -0.816007 -0.844755 -0.883583 -0.934740 -0.981220 
-0.005452 -0.014886 -0.026298 -0.038857 -0.049926 -0.059570 -0.070919 -0.083345 -0.098295 -0.115212 -0.133253 -0.152540 -0.171603 -0.193641 -0.225544 -0.265430 -0.305600 -0.347717 -0.402659 -0.462221 -0.510505 -0.562095 -0.620182 -0.665492 -0.698394 -0.735507 -0.781960 -0.819187 -0.844974 -0.877544 -0.927219 -0.978846 
-0.005829 -0.015026 -0.025046 -0.037524 -0.051130 -0.061706 -0.071815 -0.084497 -0.098334 -0.114147 -0.135105 -0.156924 -0.175392 -0.192804 -0.221216 -0.262925 -0.308312 -0.351455 -0.402727 -0.453905 -0.498054 -0.550083 -0.609034 -0.659303 -0.694894 -0.726004 -0.768194 -0.813932 -0.848888 -0.882230 -0.929068 -0.979405 
-0.006185 -0.014222 -0.024332 -0.038025 -0.052230 -0.062961 -0.072507 -0.084654 -0.098273 -0.115847 -0.137853 -0.158711 -0.176522 -0.195227 -0.226766 -0.270931 -0.313517 -0.353029 -0.396045 -0.441834 -0.486983 -0.536051 -0.586403 -0.643241 -0.687924 -0.717320 -0.755224 -0.803823 -0.849853 -0.890636 -0.933819 -0.979398 
-0.006320 -0.013836 -0.023130 -0.036628 -0.051494 -0.062737 -0.073117 -0.085529 -0.101090 -0.117747 -0.135675 -0.157138 -0.179532 -0.203259 -0.237069 -0.277110 -0.313878 -0.351016 -0.393775 -0.434841 -0.473628 -0.520566 -0.567638 -0.618375 -0.673331 -0.712683 -0.744527 -0.789750 -0.846667 -0.900419 -0.946253 -0.983682 
-0.006218 -0.013515 -0.023254 -0.035994 -0.049645 -0.061499 -0.073028 -0.086994 -0.102655 -0.118888 -0.134341 -0.155836 -0.181805 -0.212425 -0.251180 -0.285609 -0.315786 -0.349812 -0.390216 -0.430598 -0.466785 -0.508681 -0.553669 -0.603797 -0.658311 -0.704247 -0.739622 -0.780691 -0.839808 -0.904812 -0.953334 -0.986616 
-0.006382 -0.012713 -0.021760 -0.035318 -0.049476 -0.061061 -0.072638 -0.086252 -0.102930 -0.120201 -0.136771 -0.158939 -0.185762 -0.220816 -0.261255 -0.291235 -0.320681 -0.352834 -0.386466 -0.421107 -0.459747 -0.504436 -0.549183 -0.594900 -0.641358 -0.694098 -0.743704 -0.784286 -0.835125 -0.899765 -0.954889 -0.988669 
-0.006318 -0.013144 -0.021137 -0.034125 -0.048253 -0.060525 -0.072535 -0.087819 -0.104878 -0.122700 -0.142314 -0.164636 -0.190963 -0.223260 -0.259254 -0.292920 -0.320961 -0.348451 -0.384257 -0.420811 -0.459413 -0.502916 -0.542423 -0.589782 -0.640869 -0.691237 -0.742278 -0.789083 -0.834470 -0.890921 -0.948673 -0.987189 
-0.006583 -0.014334 -0.023285 -0.034051 -0.046743 -0.060412 -0.073321 -0.088354 -0.105930 -0.125990 -0.146846 -0.166284 -0.193269 -0.226565 -0.260392 -0.290572 -0.317548 -0.348560 -0.384674 -0.419393 -0.462121 -0.505617 -0.540278 -0.589264 -0.644472 -0.690829 -0.735000 -0.783267 -0.836240 -0.888314 -0.939124 -0.982228 
-0.006946 -0.016295 -0.025250 -0.035182 -0.047205 -0.060031 -0.072481 -0.088792 -0.108349 -0.127472 -0.147359 -0.170391 -0.197120 -0.226453 -0.258745 -0.290914 -0.316978 -0.347979 -0.386120 -0.420375 -0.460744 -0.504591 -0.539213 -0.587271 -0.642436 -0.686779 -0.732239 -0.784397 -0.836109 -0.887910 -0.936555 -0.979345 
-0.007281 -0.016356 -0.025823 -0.036016 -0.047682 -0.060294 -0.074147 -0.090240 -0.108583 -0.128045 -0.149127 -0.172345 -0.198574 -0.227030 -0.257573 -0.288239 -0.317945 -0.349726 -0.385177 -0.421572 -0.461098 -0.502332 -0.543122 -0.589176 -0.638642 -0.686140 -0.733980 -0.784013 -0.834762 -0.884791 -0.932628 -0.977695 
0.972083 0.920613 0.870781 0.816346 0.757924 0.701200 0.648291 0.594814 0.545095 0.493934 0.440702 0.395163 0.357617 0.327430 0.297237 0.266654 0.237244 0.209689 0.183019 0.156520 0.133275 0.112888 0.095178 0.080674 0.067930 0.056555 0.045409 0.034802 0.024980 0.016849 0.010631 0.005486 
0.973004 0.925029 0.874059 0.815022 0.759785 0.706628 0.647736 0.595705 0.548872 0.497449 0.441808 0.390879 0.357772 0.330959 0.300386 0.269802 0.238956 0.210762 0.182092 0.155604 0.133229 0.111586 0.095161 0.080359 0.066633 0.054259 0.043594 0.034580 0.025272 0.017143 0.010898 0.005310 
0.973230 0.924480 0.874419 0.818691 0.763987 0.713101 0.654101 0.598395 0.556646 0.504065 0.439693 0.390845 0.361436 0.333153 0.302444 0.268027 0.236658 0.209697 0.182323 0.157821 0.134499 0.109971 0.093132 0.079096 0.064270 0.051935 0.042891 0.035136 0.026325 0.017234 0.010487 0.004762 
0.970373 0.919882 0.877299 0.821894 0.764196 0.712584 0.657037 0.606793 0.565373 0.506974 0.440179 0.395317 0.367253 0.336597 0.298590 0.263387 0.232986 0.205222 0.180914 0.157137 0.135973 0.112978 0.092518 0.076905 0.062613 0.051792 0.043421 0.035188 0.026571 0.017560 0.010298 0.004697 
0.971231 0.920457 0.871147 0.817047 0.762105 0.710737 0.663620 0.615552 0.570971 0.516294 0.452723 0.402938 0.371866 0.335601 0.295303 0.260399 0.228118 0.203450 0.180511 0.153884 0.131650 0.112737 0.093544 0.077316 0.063111 0.052469 0.044005 0.035253 0.025618 0.016740 0.010747 0.004575 
0.972650 0.919981 0.864367 0.815503 0.761711 0.705374 0.664872 0.623814 0.578455 0.524811 0.467108 0.414187 0.371640 0.333277 0.295317 0.257805 0.225320 0.203273 0.178486 0.149121 0.128956 0.112392 0.093550 0.077059 0.064080 0.053917 0.044292 0.034474 0.024870 0.016413 0.010856 0.004782 
0.970534 0.919179 0.864749 0.814684 0.758638 0.703918 0.667460 0.622780 0.580240 0.535349 0.477577 0.422346 0.377347 0.337880 0.298336 0.259653 0.224680 0.199669 0.174361 0.146935 0.127014 0.111401 0.094437 0.077701 0.065470 0.054315 0.042849 0.032705 0.024304 0.016676 0.010868 0.005214 
0.972716 0.911157 0.851825 0.808626 0.758787 0.709246 0.669869 0.624950 0.579628 0.532812 0.478407 0.424400 0.381951 0.342883 0.303002 0.265920 0.229406 0.199326 0.173463 0.146362 0.123929 0.109674 0.093769 0.077984 0.065775 0.054336 0.043414 0.032689 0.024023 0.016496 0.010712 0.006093 
0.970997 0.908379 0.846819 0.801267 0.760173 0.713370 0.672866 0.628184 0.579095 0.526997 0.472513 0.423472 0.383456 0.345791 0.307262 0.270624 0.235613 0.204973 0.174232 0.144994 0.122362 0.106836 0.093350 0.079667 0.066328 0.053688 0.041547 0.031112 0.023729 0.017080 0.011461 0.006622 
0.968907 0.909693 0.849680 0.799237 0.764266 0.717903 0.671252 0.629037 0.578281 0.520513 0.468233 0.421900 0.384184 0.348897 0.307773 0.270699 0.240034 0.212311 0.178690 0.145691 0.122592 0.105340 0.090852 0.078756 0.065231 0.051390 0.040169 0.031774 0.024857 0.017692 0.011672 0.006599 
0.968741 0.910072 0.858392 0.806947 0.763583 0.719738 0.671370 0.622016 0.565289 0.509512 0.462671 0.420773 0.386955 0.354387 0.314075 0.274871 0.243286 0.215287 0.182883 0.148024 0.121442 0.105106 0.090144 0.076174 0.063211 0.051013 0.040201 0.031529 0.025623 0.018510 0.011664 0.006451 
0.977260 0.919917 0.858785 0.809613 0.764906 0.716258 0.663421 0.605603 0.550149 0.503295 0.462441 0.426146 0.391503 0.357120 0.319327 0.282896 0.249534 0.218980 0.186102 0.150462 0.122937 0.104531 0.087626 0.073596 0.062255 0.051679 0.041191 0.032027 0.025183 0.018245 0.011547 0.006007 
0.978774 0.929067 0.867823 0.808969 0.753112 0.699687 0.652536 0.601872 0.554031 0.507936 0.463138 0.430843 0.397153 0.358238 0.323783 0.291074 0.256210 0.221417 0.186302 0.154133 0.128130 0.106348 0.086320 0.071596 0.061051 0.051093 0.041994 0.033011 0.025045 0.017817 0.011288 0.005302 
0.976266 0.931448 0.871869 0.802701 0.742786 0.691364 0.645051 0.600770 0.558392 0.511112 0.465808 0.435230 0.400403 0.361508 0.329696 0.296611 0.259746 0.222553 0.186919 0.156994 0.132838 0.108816 0.085836 0.070217 0.060058 0.051124 0.041980 0.033223 0.025277 0.017874 0.011191 0.005184 
0.978350 0.928579 0.865120 0.796306 0.742407 0.701078 0.653070 0.602595 0.556095 0.510675 0.469994 0.434394 0.401136 0.367538 0.334633 0.301124 0.263460 0.225247 0.186438 0.154604 0.134151 0.112410 0.088188 0.069364 0.058747 0.050584 0.041432 0.033185 0.025968 0.018342 0.011772 0.004321 
0.976688 0.921383 0.853736 0.789455 0.748780 0.711867 0.663044 0.607149 0.558378 0.512332 0.470969 0.436887 0.404278 0.373020 0.339896 0.301525 0.263629 0.225975 0.188251 0.157478 0.134165 0.111487 0.089784 0.071303 0.058911 0.050468 0.040961 0.032604 0.025818 0.018214 0.010712 0.003606 
0.966726 0.909011 0.856684 0.799112 0.755669 0.717999 0.671440 0.614366 0.559951 0.512190 0.470635 0.438981 0.409410 0.376946 0.342249 0.302073 0.259305 0.224576 0.192412 0.162294 0.137609 0.113050 0.089815 0.072064 0.060169 0.050602 0.040731 0.032261 0.025588 0.017285 0.009100 0.002470 
0.962110 0.900870 0.856681 0.812555 0.766990 0.724616 0.674118 0.617364 0.564427 0.511591 0.468625 0.440463 0.410729 0.376888 0.342733 0.304832 0.264119 0.227362 0.195877 0.167643 0.140633 0.113637 0.090359 0.073696 0.060505 0.049317 0.039943 0.031764 0.024474 0.016924 0.008408 0.001279 
0.963863 0.905961 0.859011 0.813793 0.769695 0.724007 0.676511 0.620406 0.564141 0.511270 0.470608 0.443066 0.411961 0.377982 0.344581 0.308193 0.269604 0.230400 0.198085 0.171512 0.142219 0.114150 0.090448 0.074303 0.059679 0.047193 0.039602 0.032461 0.024891 0.016497 0.007937 -0.000174 
0.970443 0.911208 0.857598 0.808607 0.763517 0.719185 0.669759 0.615866 0.566692 0.518490 0.474575 0.444161 0.414802 0.382408 0.346512 0.305158 0.266986 0.234954 0.203951 0.173817 0.140858 0.113752 0.091868 0.073854 0.058782 0.047476 0.039916 0.032821 0.025101 0.016029 0.007165 -0.000035 
0.976671 0.917806 0.853873 0.800609 0.760055 0.715491 0.665700 0.618375 0.571035 0.521198 0.474315 0.446105 0.418949 0.381166 0.342667 0.304878 0.268399 0.237792 0.207202 0.172416 0.137185 0.111736 0.091406 0.073697 0.060158 0.048304 0.039322 0.032131 0.025431 0.016937 0.008003 0.000621 
0.977356 0.923570 0.857417 0.796670 0.754907 0.713316 0.663896 0.616845 0.572522 0.527585 0.482758 0.447621 0.417735 0.380359 0.341062 0.304287 0.269938 0.238793 0.202975 0.168882 0.137792 0.110181 0.089340 0.072821 0.061876 0.050032 0.038657 0.031665 0.025652 0.018308 0.009218 0.001470 
0.980601 0.927639 0.864967 0.800499 0.747096 0.705291 0.660521 0.618134 0.573579 0.528831 0.487416 0.448635 0.415681 0.383634 0.345503 0.304259 0.267837 0.234753 0.197701 0.162335 0.137345 0.114176 0.090338 0.073339 0.062472 0.051704 0.039797 0.031029 0.025619 0.019367 0.010545 0.001586 
0.978199 0.927437 0.872817 0.808407 0.743430 0.697266 0.658069 0.614505 0.572977 0.531712 0.484484 0.441414 0.410023 0.384760 0.350019 0.305617 0.263880 0.229512 0.194851 0.164190 0.141543 0.117644 0.093523 0.074997 0.063164 0.053971 0.043140 0.032409 0.024959 0.018538 0.010165 0.001661 
0.980400 0.934178 0.877922 0.807506 0.739574 0.693748 0.656627 0.614884 0.573468 0.528502 0.479102 0.438786 0.408868 0.381675 0.342788 0.295677 0.256863 0.225793 0.196173 0.168432 0.144576 0.121671 0.100914 0.080124 0.065084 0.056187 0.046329 0.034842 0.025094 0.017056 0.009162 0.000885 
0.980634 0.937217 0.885783 0.815783 0.744939 0.696338 0.656120 0.613031 0.566884 0.523905 0.484251 0.442714 0.405478 0.371386 0.330163 0.287774 0.254334 0.225003 0.195172 0.169630 0.148680 0.126623 0.106704 0.087944 0.069463 0.057444 0.048969 0.038327 0.026163 0.015520 0.006880 -0.000009 
0.981782 0.939780 0.885638 0.820163 0.755074 0.704173 0.659236 0.611332 0.564493 0.522858 0.487917 0.446666 0.403321 0.361076 0.314436 0.278207 0.250690 0.223316 0.194922 0.169770 0.150168 0.130080 0.110895 0.092160 0.073845 0.059976 0.050515 0.040721 0.028101 0.015024 0.005715 -0.000666 
0.981225 0.944062 0.894237 0.824083 0.757323 0.707551 0.663205 0.616250 0.567067 0.522227 0.485377 0.443443 0.399689 0.352526 0.303997 0.272387 0.245438 0.219186 0.195377 0.173614 0.152533 0.130700 0.111568 0.094471 0.078871 0.063219 0.049871 0.040231 0.029368 0.016366 0.005584 -0.000985 
0.978841 0.941019 0.896750 0.830062 0.763490 0.712000 0.665960 0.614875 0.564643 0.520331 0.477819 0.436922 0.394590 0.350788 0.306949 0.270927 0.244157 0.221533 0.195718 0.172468 0.151370 0.130143 0.113391 0.095937 0.078930 0.064101 0.050638 0.039495 0.029732 0.018320 0.007120 -0.000230 
0.976468 0.934099 0.886274 0.831061 0.773163 0.716195 0.667849 0.617979 0.566998 0.517729 0.472440 0.436485 0.393582 0.347203 0.305833 0.272884 0.247034 0.221061 0.194558 0.172689 0.149612 0.128412 0.113874 0.096065 0.077836 0.064307 0.052616 0.041165 0.029568 0.018997 0.009109 0.001002 
0.973047 0.923866 0.876896 0.827990 0.773654 0.720991 0.674750 0.621925 0.565628 0.518554 0.475583 0.432867 0.389784 0.348486 0.308670 0.273144 0.247674 0.221842 0.193894 0.172192 0.150383 0.128981 0.114373 0.096810 0.078583 0.065511 0.053596 0.041107 0.029796 0.019198 0.009779 0.001841 
0.974401 0.924481 0.875444 0.825391 0.773255 0.721644 0.671710 0.620081 0.568405 0.520302 0.475401 0.432084 0.389767 0.349273 0.311190 0.276902 0.247938 0.221099 0.195205 0.172172 0.150532 0.130513 0.113350 0.096382 0.080081 0.066105 0.053469 0.041494 0.030276 0.019965 0.010470 0.001716 
